1abs  2.22045e-16,6.05988e-13,3.72966e-17
2abs  3.33067e-16,6.05914e-13,1.01915e-17
3abs  2.22045e-16,6.05958e-13,5.42101e-19
4abs  2.22045e-16,6.05996e-13,3.25261e-19
5abs  3.33067e-16,6.05833e-13,2.73219e-17
6abs  4.44089e-16,6.05852e-13,1.36609e-17
7abs  3.33067e-16,6.05926e-13,3.57787e-17
8abs  2.22045e-16,6.05945e-13,2.81893e-17
9abs  1.11022e-16,6.05944e-13,1.77809e-17
10abs  3.33067e-16,6.05994e-13,1.04083e-17
11abs  2.22045e-16,6.05974e-13,2.1684e-18
12abs  2.22045e-16,6.06013e-13,4.77049e-18
13abs  2.22045e-16,6.05934e-13,1.12757e-17
14abs  3.33067e-16,6.05936e-13,9.54098e-18
15abs  3.33067e-16,6.05907e-13,2.60209e-18
16abs  3.33067e-16,6.05985e-13,6.33174e-17
17abs  2.22045e-16,6.05907e-13,2.60209e-18
18abs  2.22045e-16,6.05988e-13,7.54605e-17
19abs  3.33067e-16,6.05904e-13,3.1225e-17
20abs  2.22045e-16,6.05926e-13,1.38778e-17
21abs  1.11022e-16,6.0602e-13,2.60209e-18
22abs  3.33067e-16,6.05955e-13,3.64292e-17
23abs  3.33067e-16,6.05983e-13,1.38778e-17
24abs  3.33067e-16,6.05938e-13,1.9082e-17
25abs  2.22045e-16,6.06023e-13,2.08167e-17
26abs  2.22045e-16,6.05913e-13,3.38271e-17
27abs  3.33067e-16,6.05976e-13,1.38778e-17
28abs  1.11022e-16,6.05958e-13,3.46945e-17
29abs  2.22045e-16,6.05952e-13,6.93889e-18
30abs  2.22045e-16,6.05874e-13,1.04083e-17
