1otn  2.22045e-16,-1,-1
2otn  3.33067e-16,-1,3.50358e-14
3otn  2.22045e-16,-1,9.31803e-16
4otn  2.22045e-16,-1,3.72721e-16
5otn  3.33067e-16,-1,2.34814e-14
6otn  4.4409e-16,-1,9.39258e-15
7otn  3.33067e-16,-1,2.04997e-14
8otn  2.22045e-16,-1,1.38439e-14
9otn  1.11023e-16,-1,7.64079e-15
10otn  3.33068e-16,-1,3.9757e-15
11otn  2.22046e-16,-1,7.45444e-16
12otn  2.22046e-16,-1,1.49089e-15
13otn  2.22046e-16,-1,3.23026e-15
14otn  3.33069e-16,-1,2.52304e-15
15otn  3.3307e-16,-1,6.38952e-16
16otn  3.3307e-16,-1,1.45113e-14
17otn  2.22047e-16,-1,5.59084e-16
18otn  2.22047e-16,-1,1.52597e-14
19otn  3.33071e-16,-1,5.96357e-15
20otn  2.22048e-16,-1,2.51098e-15
21otn  1.11024e-16,-1,4.47268e-16
22otn  3.33073e-16,-1,5.96358e-15
23otn  3.33074e-16,-1,2.16857e-15
24otn  3.33074e-16,-1,2.85215e-15
25otn  2.2205e-16,-1,2.98179e-15
26otn  2.2205e-16,-1,4.6516e-15
27otn  3.33076e-16,-1,1.83495e-15
28otn  1.11026e-16,-1,4.41748e-15
29otn  2.22052e-16,-1,8.51944e-16
30otn  2.22053e-16,-1,1.23385e-15
